------------------------------
Green: 0.9252937436103821
Jaw: 0.8797765374183655
Organism: 0.8663625717163086
Aqua: 0.807610273361206
Art: 0.7696875929832458
Crocodilia: 0.7308045625686646
Marine biology: 0.7205018401145935
Electric blue: 0.7180680632591248
Magenta: 0.6982694268226624
Crocodile: 0.6673333048820496
Pattern: 0.667328953742981
Underwater: 0.6639164090156555
Alligator: 0.6407148241996765
Reptile: 0.6314030885696411
Symmetry: 0.5876004099845886
Fin: 0.5790826678276062
Visual arts: 0.5786576271057129
Flesh: 0.5633387565612793
Fang: 0.5607981085777283
American crocodile: 0.55693119764328
Wildlife: 0.5535647869110107
Woven fabric: 0.5534313917160034
Animation: 0.542279839515686
Illustration: 0.5406293272972107
Painting: 0.5257786512374878
Fish: 0.5190889835357666
Fish: 0.5065314769744873
------------------------------

