I ran targeted attack for plant. It was successful, but barely. It was probably also helped by the fact, that the cat has grass in the background.

------------------------------
Cat: 0.9655261635780334
Felidae: 0.8962888717651367
Carnivore: 0.8891945481300354
Small to medium-sized cats: 0.8570795655250549
Whiskers: 0.8549104928970337
Grass: 0.8281470537185669
Fawn: 0.8162375688552856
Plant: 0.7827420830726624
Groundcover: 0.7717264890670776
Snout: 0.7701755166053772
Tail: 0.761497437953949
Terrestrial animal: 0.7611480355262756
Fur: 0.6922832131385803
Domestic short-haired cat: 0.6806921362876892
Wildlife: 0.5966606140136719
Asphalt: 0.5679799914360046
Road: 0.5665244460105896
Road surface: 0.5614088773727417
Photo caption: 0.5581034421920776
Natural landscape: 0.5575001835823059
------------------------------


------------------------------
Plant: 0.9585919380187988
Cat: 0.9447360038757324
Eye: 0.9425974488258362
Felidae: 0.9062288403511047
Nature: 0.8992282748222351
Carnivore: 0.8890203833580017
Small to medium-sized cats: 0.8770351409912109
Whiskers: 0.8364891409873962
Grass: 0.8275614976882935
Fawn: 0.8156241178512573
Snout: 0.7690001726150513
Terrestrial plant: 0.7650705575942993
Tail: 0.7451702356338501
Tree: 0.7418116927146912
Terrestrial animal: 0.730071485042572
Groundcover: 0.7066311836242676
Close-up: 0.7031177282333374
Domestic short-haired cat: 0.6832348704338074
Fur: 0.6776681542396545
Photo caption: 0.6439701318740845
Wood: 0.6048729419708252
Wildlife: 0.5808151364326477
Herb: 0.575253963470459
------------------------------

