"max" loss performed better compared to "sum" on cat (it was the opposite in the shark case)
Cat ended up at 4th position with "Hair"  ~0.05 points ahead

------------------------------
Cat: 0.9655261635780334
Felidae: 0.8962888717651367
Carnivore: 0.8891945481300354
Small to medium-sized cats: 0.8570795655250549
Whiskers: 0.8549104928970337
Grass: 0.8281470537185669
Fawn: 0.8162375688552856
Plant: 0.7827420830726624
Groundcover: 0.7717264890670776
Snout: 0.7701755166053772
Tail: 0.761497437953949
Terrestrial animal: 0.7611480355262756
Fur: 0.6922832131385803
Domestic short-haired cat: 0.6806921362876892
Wildlife: 0.5966606140136719
Asphalt: 0.5679799914360046
Road: 0.5665244460105896
Road surface: 0.5614088773727417
Photo caption: 0.5581034421920776
Natural landscape: 0.5575001835823059
------------------------------



------------------------------
Hair: 0.9837086796760559
Eye: 0.9413516521453857
Plant: 0.9394439458847046
Cat: 0.9381877183914185
Felidae: 0.9064110517501831
Small to medium-sized cats: 0.8801001310348511
Carnivore: 0.8772766590118408
Organism: 0.864816427230835
Iris: 0.8520362973213196
Whiskers: 0.8367564082145691
Grass: 0.8255072832107544
Fawn: 0.815740168094635
Snout: 0.7484214305877686
Tail: 0.7459291815757751
Terrestrial animal: 0.7388859391212463
Wood: 0.6963982582092285
Fur: 0.6864917874336243
Domestic short-haired cat: 0.6832348704338074
Photo caption: 0.6191648244857788
Wildlife: 0.5962288975715637
Tree: 0.557673990726471
------------------------------

