------------------------------
Cat: 0.9655261635780334
Felidae: 0.8962888717651367
Carnivore: 0.8891945481300354
Small to medium-sized cats: 0.8570795655250549
Whiskers: 0.8549104928970337
Grass: 0.8281470537185669
Fawn: 0.8162375688552856
Plant: 0.7827420830726624
Groundcover: 0.7717264890670776
Snout: 0.7701755166053772
Tail: 0.761497437953949
Terrestrial animal: 0.7611480355262756
Fur: 0.6922832131385803
Domestic short-haired cat: 0.6806921362876892
Wildlife: 0.5966606140136719
Asphalt: 0.5679799914360046
Road: 0.5665244460105896
Road surface: 0.5614088773727417
Photo caption: 0.5581034421920776
Natural landscape: 0.5575001835823059
------------------------------

------------------------------
Cat: 0.9509921073913574
Plant: 0.9502153992652893
Eye: 0.942686915397644
Felidae: 0.9112248420715332
Carnivore: 0.8821364045143127
Small to medium-sized cats: 0.8809336423873901
Iris: 0.8509085178375244
Whiskers: 0.8311675786972046
Fawn: 0.815695583820343
Grass: 0.8104701638221741
Tail: 0.7648097276687622
Snout: 0.7512654662132263
Terrestrial animal: 0.7184644937515259
Fur: 0.6891611218452454
Domestic short-haired cat: 0.6831945776939392
Tree: 0.6583651304244995
Groundcover: 0.6539305448532104
Photo caption: 0.6290547847747803
Wildlife: 0.6088398098945618
Paw: 0.5585763454437256
Herb: 0.557725727558136
Wood: 0.5555051565170288
Art: 0.5057679414749146
------------------------------

