Untargeted attack for cat was successful and is separated from the top-1 result by ~0.03, which is not that bad
"sum" function was used, but "max" loss worked a little bit better in my opinion

------------------------------
Cat: 0.9655261635780334
Felidae: 0.8962888717651367
Carnivore: 0.8891945481300354
Small to medium-sized cats: 0.8570795655250549
Whiskers: 0.8549104928970337
Grass: 0.8281470537185669
Fawn: 0.8162375688552856
Plant: 0.7827420830726624
Groundcover: 0.7717264890670776
Snout: 0.7701755166053772
Tail: 0.761497437953949
Terrestrial animal: 0.7611480355262756
Fur: 0.6922832131385803
Domestic short-haired cat: 0.6806921362876892
Wildlife: 0.5966606140136719
Asphalt: 0.5679799914360046
Road: 0.5665244460105896
Road surface: 0.5614088773727417
Photo caption: 0.5581034421920776
Natural landscape: 0.5575001835823059
------------------------------


------------------------------
Hair: 0.9839929342269897
Head: 0.9740496277809143
Cat: 0.9569911956787109
Eye: 0.9427283406257629
Felidae: 0.9187666773796082
Carnivore: 0.9005339741706848
Leaf: 0.8930971026420593
Natural environment: 0.8928022384643555
Small to medium-sized cats: 0.8845275044441223
Whiskers: 0.8558841943740845
Organism: 0.8548333048820496
Iris: 0.8526255488395691
Plant: 0.8492265343666077
Grass: 0.8196737766265869
Fawn: 0.8156681060791016
Wood: 0.7808279991149902
Snout: 0.7673347592353821
Terrestrial animal: 0.7573830485343933
Terrestrial plant: 0.743526041507721
Tree: 0.7251335382461548
Tail: 0.7092453837394714
Fur: 0.6866916418075562
Domestic short-haired cat: 0.6830289363861084
Wildlife: 0.6239795088768005
Photo caption: 0.6222500801086426
Pattern: 0.5976561307907104
Art: 0.5624599456787109
------------------------------

